29 2 53 9 44 46 5 96 76 93 4 23 36 51 42 16 47 6 71 18 73 43 65 33 32 14 3 12 72 81 36 70 8 88 95 72 53 86 98 
21 40 43 13 57 27 99 28 13 72 38 39 91 14 37 41 22 56 52 31 86 19 44 30 53 30 50 87 76 48 4 62 76 45 40 30 75 5 19 
47 7 65 72 29 89 3 49 24 69 49 85 47 2 85 42 13 92 16 89 18 89 54 40 6 29 44 51 51 19 61 26 44 57 70 62 2 59 22 
26 82 19 8 44 67 5 98 20 42 39 1 48 51 8 6 89 33 64 77 49 12 35 88 61 55 71 87 72 25 51 17 13 52 94 49 10 52 3 
85 46 4 62 47 44 62 63 71 40 72 49 4 81 30 30 54 19 14 41 67 3 14 44 45 42 93 35 8 66 73 41 48 79 79 41 64 32 39 
15 52 36 81 64 69 36 69 80 59 57 51 39 47 67 98 50 94 100 29 34 72 69 14 57 89 68 43 8 50 45 15 61 59 46 82 42 71 73 
31 57 7 19 21 89 88 15 11 45 55 35 77 96 18 87 4 56 81 88 33 43 91 87 65 59 2 93 91 29 95 65 70 1 5 40 8 27 63 
40 40 5 94 52 16 75 74 23 50 15 32 36 48 43 87 37 13 3 61 98 82 19 81 19 13 84 99 80 93 10 75 5 10 74 73 47 54 41 
24 94 68 33 90 67 49 18 68 47 92 51 22 97 61 58 21 20 1 74 35 56 83 4 71 19 27 92 97 35 92 44 32 51 91 49 2 26 22 
29 40 79 81 93 4 89 28 72 91 60 52 43 30 44 47 94 22 94 10 99 2 97 29 90 90 23 90 65 86 84 85 53 37 30 100 52 30 62 
41 72 22 2 64 59 35 7 79 17 85 53 19 68 100 29 53 26 69 13 85 16 32 34 82 12 73 79 85 16 61 61 26 45 99 19 45 55 12 
34 9 19 4 88 63 1 98 90 53 52 30 62 41 2 29 60 51 84 85 71 17 72 25 22 30 69 26 90 13 97 15 5 89 66 75 37 57 71 
14 60 44 47 89 22 32 86 41 37 62 87 96 97 20 42 90 72 2 99 27 4 66 19 78 55 65 73 82 9 1 47 30 12 66 13 46 48 13 
2 63 62 42 31 16 87 92 41 91 28 45 71 46 52 16 15 63 80 15 35 92 87 68 27 3 10 91 25 21 73 45 81 65 94 48 67 75 77 
51 89 33 98 63 9 47 71 13 19 74 65 42 98 30 28 9 49 20 37 52 15 85 100 10 84 81 10 99 66 54 81 20 3 61 81 84 13 77 
37 59 21 17 50 47 57 36 31 24 43 11 6 76 23 67 42 91 73 88 50 75 46 89 12 35 97 17 97 1 35 41 65 30 55 66 2 57 20 
74 2 22 75 70 84 84 45 47 86 56 41 94 73 17 42 36 68 45 52 49 28 65 11 95 43 12 76 35 78 92 47 60 85 54 8 35 96 27 
90 89 93 50 48 46 99 28 38 2 45 77 48 79 11 57 90 15 5 7 12 70 25 4 46 25 1 88 6 72 58 81 12 13 31 28 55 62 69 
4 98 17 19 68 98 93 72 20 2 96 20 26 86 56 80 70 73 94 78 33 97 53 77 54 20 90 39 55 48 92 51 73 70 95 1 64 80 49 
31 22 96 88 35 26 56 80 39 65 100 76 83 76 41 24 13 79 71 82 33 45 52 61 68 88 18 37 15 63 3 73 96 63 37 25 68 6 45 
36 53 90 83 60 25 17 98 96 91 87 31 31 70 20 24 61 1 64 23 31 90 37 44 98 34 36 35 64 79 46 41 14 66 40 58 33 19 68 
28 84 87 66 58 70 82 16 51 20 21 77 43 16 62 32 46 23 33 96 52 77 1 2 97 47 11 71 78 58 22 18 87 41 4 37 86 50 36 
11 84 37 25 68 23 22 6 46 12 86 42 91 30 27 10 11 31 35 80 71 77 58 30 66 99 23 35 79 33 9 13 63 77 82 65 100 24 27 
7 50 52 93 1 33 63 28 53 84 64 14 20 21 40 38 82 92 20 85 96 100 98 5 97 75 81 25 52 70 84 100 56 65 37 21 1 95 26 
82 86 82 12 23 72 60 100 26 22 53 71 93 94 37 32 15 15 28 80 7 18 32 65 25 86 50 3 50 31 77 75 42 39 39 92 8 96 60 
4 34 4 84 38 41 93 88 33 3 31 45 54 40 57 72 69 78 68 81 86 96 34 5 49 48 81 37 50 79 46 86 83 30 85 30 7 98 18 
12 80 21 54 66 86 71 50 33 86 82 51 43 22 10 43 73 38 28 59 36 4 53 69 29 51 65 68 17 96 36 45 62 37 69 32 35 91 86 
36 92 55 19 87 66 47 18 49 96 77 29 87 70 64 82 95 45 35 12 90 47 23 95 45 56 16 74 20 17 46 71 44 80 60 19 3 93 57 
74 1 23 86 17 93 25 44 21 53 82 46 31 2 67 70 51 11 69 9 10 47 79 96 15 65 97 4 3 68 41 88 11 39 92 2 10 10 93 
86 64 90 53 14 34 26 38 19 19 62 74 28 7 48 38 53 14 73 32 73 74 25 44 68 25 58 10 7 17 10 44 36 69 47 61 10 17 90 
95 49 48 39 69 30 81 36 56 25 95 72 40 30 94 91 77 62 83 79 2 2 62 8 64 69 5 87 7 94 35 31 54 8 58 42 52 89 2 
27 4 89 28 20 33 27 37 21 28 32 27 45 98 67 24 25 80 25 36 99 86 6 57 93 8 7 5 26 43 30 25 12 99 83 79 34 55 28 
5 80 30 7 63 93 49 3 36 88 97 12 70 94 86 35 76 27 28 56 17 71 61 90 25 23 3 16 89 20 75 46 80 40 58 12 100 14 71 
52 51 2 34 2 78 73 95 51 1 26 30 34 53 83 50 23 31 2 23 25 2 78 60 43 66 80 36 73 54 57 41 48 39 43 51 67 73 100 
90 75 99 21 10 14 14 87 86 67 59 26 75 49 94 28 2 64 89 84 29 84 8 98 62 65 25 26 24 43 36 86 78 43 53 85 5 38 36 
6 37 8 41 86 91 55 48 49 90 37 59 13 84 100 84 64 2 97 52 43 70 66 49 44 63 8 98 34 34 11 23 45 32 12 100 40 44 81 
18 77 7 71 6 71 21 76 4 79 54 54 22 27 20 73 64 69 42 68 27 87 26 41 51 7 99 98 46 24 22 62 22 5 97 56 80 62 45 
70 61 89 41 62 17 50 82 62 7 50 6 9 48 4 19 96 64 82 20 29 1 47 51 62 53 53 1 34 50 68 98 1 19 59 79 92 6 23 
77 34 36 34 75 25 25 91 99 17 77 50 81 91 50 60 77 17 38 60 50 96 7 80 7 21 10 88 80 68 49 35 100 22 80 58 98 66 42 
