вся матрица
74 74 20 1 92 
58 66 7 5 77 
100 67 43 95 34 
98 33 100 70 28 
65 99 22 65 19 

90 29 16 39 37 
39 72 66 85 33 
33 69 31 28 16 
45 81 74 30 17 
72 84 26 22 52 

61 3 25 59 42 
71 11 40 61 3 
45 3 64 91 40 
12 72 90 17 61 
1 53 46 31 15 

35 66 29 49 49 
63 11 78 95 92 
37 73 75 3 44 
89 11 65 95 45 
49 76 10 52 43 

46 19 28 88 92 
39 88 86 63 67 
47 16 2 30 51 
66 32 22 27 27 
100 89 4 54 83 


вывод верхней грани
74 74 20 1 92 
90 29 16 39 37 
61 3 25 59 42 
35 66 29 49 49 
46 19 28 88 92 

вывод передней грани
74 74 20 1 92 
58 66 7 5 77 
100 67 43 95 34 
98 33 100 70 28 
65 99 22 65 19 

вывод левой грани
74 58 100 98 65 
90 39 33 45 72 
61 71 45 12 1 
35 63 37 89 49 
46 39 47 66 100 

вывод нижней грани
65 99 22 65 19 
72 84 26 22 52 
1 53 46 31 15 
49 76 10 52 43 
100 89 4 54 83 

вывод задней грани
46 19 28 88 92 
39 88 86 63 67 
47 16 2 30 51 
66 32 22 27 27 
100 89 4 54 83 

вывод правой грани
92 77 34 28 19 
37 33 16 17 52 
42 3 40 61 15 
49 92 44 45 43 
92 67 51 27 83 
